8
33
54
61
66
72
95
149
151
245
268
290
300
305
318
324
338
352
366
402
421
425
431
453
486
514
516
543
549
553
583
596
610
625
629
631
654
655
744
780
787
810
829
830
841
844
876
877
895
916
926
1017
1032
1044
1052
1107
1125
1145
1156
1170
1185
1187
1198
1202
1248
1251
1253
1287
1325
1348
1364
1393
1394
1395
1410
1415
1425
1459
1466
1499
1526
1549
1551
1569
1574
1601
1609
1616
1627
1640
1641
1682
1717
1748
1754
1758
1772
1782
1790
1813
1850
1859
1880
1882
1891
1899
1930
1940
1954
1955
1969
1984
2001
2004
2005
2009
2016
2040
2044
2057
2073
2093
2099
2107
2118
2129
2145
2177
2179
2186
2201
2215
2222
2224
2229
2253
2272
2291
2293
2325
2326
2338
2393
2396
2422
2425
2436
2488
2496
2535
2542
2574
2621
2641
2648
2667
2697
2702
2721
2742
2752
2802
2836
2850
2869
2882
2896
2905
2927
2959
2975
2990
3030
3033
3035
3069
3073
3095
3198
3206
3212
3239
3260
3263
3269
3284
3295
3364
3373
3384
3385
3393
3394
3412
3416
3456
3534
3542
3547
3575
3583
3604
3614
3674
3685
3705
3708
3710
3723
3727
3746
3749
3752
3767
3773
3774
3778
3780
3782
3801
3807
3813
3817
3818
3836
3846
3853
3892
3893
3899
3902
3918
3932
3951
3958
3963
4002
4018
4041
4045
4051
4065
4086
4087
4111
4112
4117
4123
4140
4176
4205
4218
4228
4230
4253
4269
4279
4289
4294
4306
4341
4343
4374
4376
4403
4439
4441
4444
4463
4486
4498
4508
4511
4562
4575
4601
4629
4656
4668
4686
4713
4723
4736
4765
4814
4816
4862
4874
4878
4880
4888
4943
4950
4956
5054
5078
5125
5143
5152
5163
5165
5176
5206
5209
5226
5250
5403
5409
5449
5593
5605
5611
5613
5634
5636
5667
5676
5680
5691
5695
5717
5718
5737
5749
5761
5771
5777
5803
5840
5841
5843
5878
5879
5883
5887
5888
5913
6027
6041
6052
6091
6112
6157
6172
6317
6324
6386
6390
6391
6403
6412
6460
6480
6495
6528
6532
6555
6559
6560
6603
6614
6625
6641
6645
6654
6664
6721
6744
6826
6835
6872
7011
7135
7198
7212
7259
7265
7412
7433
7444
7457
7481
7502
7511
7539
7545
7627
7637
7678
7683
7713
7716
7718
7724
7774
7779
7797
7800
7857
7886
7945
7948
7999
8015
8112
8116
8196
8204
8217
8236
8246
8254
8263
8272
8277
8290
8293
8296
8337
8339
8353
8374
8392
8405
8413
8416
8440
8476
8522
8530
8553
8554
8560
8561
8570
8572
8579
8584
8588
8601
8602
8615
8625
8637
8646
8669
8936
8975
9008
9009
9019
9024
9031
9036
9044
9045
9133
9209
9309
9316
9372
9427
9442
9478
9492
9564
9596
9615
9619
9624
9629
9634
9636
9662
9664
9672
9673
9691
9720
9745
9749
9750
9751
9752
9755
9768
9770
9779
9873
9904
9910
9926
9937
9940
9944
9948
9953
9954
9975
9980
