0
15
28
33
39
51
57
74
83
88
98
117
122
123
127
128
147
148
150
151
156
159
160
178
179
199
205
207
210
227
230
231
235
239
243
252
263
267
286
315
318
331
332
337
344
346
349
356
368
371
372
380
382
386
394
400
422
435
442
473
474
481
495
512
514
526
533
548
566
567
570
576
579
590
599
600
616
641
645
659
664
674
676
681
695
698
703
713
726
733
773
784
804
816
830
848
859
864
873
876
881
882
892
893
903
907
919
924
925
934
939
942
952
955
964
992
993
995
1012
1023
1038
1043
1054
1058
1097
1111
1147
1150
1154
1178
1180
1182
1199
1206
1212
1216
1217
1220
1232
1237
1240
1243
1252
1257
1267
1275
1278
1298
1309
1328
1333
1338
1345
1364
1368
1381
1382
1383
1391
1408
1436
1441
1457
1459
1481
1482
1493
1503
1509
1510
1513
1542
1555
1565
1576
1593
1594
1596
1606
1607
1618
1634
1636
1654
1672
1683
1686
1702
1713
1743
1757
1780
1803
1806
1811
1834
1836
1844
1874
1882
1890
1898
1904
1924
1938
1942
1961
1966
1982
2003
2012
2016
2017
2018
2023
2030
2039
2057
2070
2072
2078
2095
2120
2140
2152
2166
2170
2174
2185
2190
2192
2203
2204
2211
2234
2238
2241
2249
2260
2272
2284
2290
2310
2313
2318
2329
2333
2339
2344
2348
2391
2392
2402
2407
2410
2412
2429
2434
2444
2461
2467
2478
2485
2493
2496
2501
2503
2531
2541
2547
2551
2552
2555
2575
2582
2599
2611
2618
2622
2641
2657
2659
2665
2701
2709
2721
2731
2732
2751
2766
2768
2790
2791
2807
2831
2835
2850
2862
2870
2889
2907
2911
2916
2928
2938
2946
2957
2985
2991
3025
3043
3044
3055
3062
3073
3107
3108
3109
3139
3143
3156
3157
3167
3170
3172
3183
3188
3237
3267
3289
3308
3318
3324
3336
3354
3361
3366
3381
3385
3388
3396
3399
3404
3409
3423
3450
3454
3505
3515
3528
3544
3557
3575
3605
3609
3610
3611
3625
3635
3645
3663
3666
3687
3689
3714
3715
3718
3733
3742
3750
3751
3756
3766
3769
3786
3793
3801
3805
3807
3826
3828
3861
3867
3869
3874
3890
3895
3903
3913
3915
3919
3934
3940
3944
3983
3984
3995
4008
4010
4020
4024
4026
4029
4035
4044
4045
4049
4063
4064
4066
4068
4080
4084
4106
4112
4113
4118
4119
4120
4127
4132
4142
4145
4146
4155
4170
4190
4206
4219
4222
4234
4246
4252
4265
4274
4276
4301
4304
4324
4329
4353
4369
4373
4378
4379
4393
4395
4428
4440
4476
4478
4487
4491
4501
4504
4512
4522
4532
4538
4547
4549
4556
4566
4571
4574
4581
4599
4609
4624
4627
4628
4678
4679
4691
4693
4711
4718
4767
4780
4788
4794
4814
4821
4832
4836
4886
4900
4909
4921
4941
4943
4951
4972
5001
5027
5032
5044
5045
5050
5062
5087
5104
5114
5125
5132
5138
5146
5163
5172
5176
5203
5213
5226
5235
5241
5248
5251
5318
5323
5328
5338
5339
5340
5356
5362
5370
5375
5380
5408
5414
5420
5439
5440
5454
5463
5468
5482
5487
5492
5500
5506
5507
5519
5539
5547
5551
5562
5567
5583
5593
5595
5599
5603
5605
5614
5617
5622
5625
5643
5651
5655
5665
5667
5677
5700
5701
5703
5713
5734
5735
5741
5746
5748
5753
5755
5756
5760
5769
5775
5776
5786
5792
5800
5810
5818
5846
5848
5860
5862
5889
5899
5920
5921
5924
5931
5933
5942
5949
5955
5956
5957
5958
5994
6000
6002
6014
6020
6021
6033
6039
6064
6070
6071
6073
6121
6137
6143
6150
6155
6160
6163
6166
6187
6191
6206
6209
6217
6225
6233
6241
6256
6262
6271
6284
6290
6291
6324
6335
6361
6369
6399
6408
6421
6424
6425
6459
6463
6489
6507
6508
6519
6520
6521
6522
6543
6569
6571
6579
6583
6584
6586
6599
6608
6622
6625
6637
6640
6643
6680
6686
6726
6740
6744
6750
6768
6773
6784
6791
6804
6809
6816
6818
6819
6828
6855
6861
6866
6871
6884
6894
6898
6934
6946
6947
6949
6956
6968
6977
7000
7011
7023
7025
7035
7047
7084
7086
7088
7092
7102
7110
7112
7114
7139
7154
7182
7195
7202
7213
7229
7235
7269
7301
7302
7312
7331
7347
7350
7375
7388
7404
7427
7456
7459
7463
7465
7485
7501
7521
7549
7556
7559
7565
7598
7601
7609
7611
7624
7625
7631
7633
7648
7650
7666
7669
7670
7690
7717
7722
7731
7734
7736
7747
7749
7771
7776
7804
7808
7809
7818
7819
7845
7867
7870
7873
7899
7913
7917
7949
7956
7982
7983
7994
7996
8009
8015
8019
8030
8036
8038
8046
8058
8074
8089
8090
8093
8102
8127
8131
8141
8147
8155
8164
8167
8178
8179
8182
8203
8220
8222
8224
8237
8250
8257
8261
8264
8268
8269
8276
8294
8299
8304
8317
8329
8331
8342
8352
8353
8362
8369
8380
8391
8402
8415
8430
8431
8440
8446
8448
8450
8463
8470
8478
8484
8485
8517
8522
8534
8536
8539
8546
8556
8578
8591
8661
8672
8709
8713
8715
8720
8727
8740
8785
8796
8798
8799
8814
8818
8837
8841
8859
8887
8888
8893
8938
8943
8961
8962
8965
8966
8967
8979
9004
9015
9025
9031
9036
9038
9050
9056
9073
9093
9095
9111
9121
9129
9144
9154
9155
9161
9181
9184
9196
9197
9215
9227
9228
9233
9249
9260
9282
9286
9293
9318
9319
9326
9347
9355
9357
9366
9406
9409
9442
9444
9451
9453
9461
9481
9483
9486
9513
9521
9528
9536
9554
9559
9565
9580
9597
9603
9605
9617
9619
9629
9631
9658
9660
9664
9671
9678
9694
9707
9708
9730
9739
9745
9750
9756
9787
9789
9809
9810
9816
9827
9839
9851
9865
9868
9872
9874
9880
9884
9889
9914
9921
9938
9943
9968
9975
9976
9989
9994
9998
10000
10004
10005
10007
10019
10041
10043
10044
10052
10075
10078
10080
10081
10094
10114
10118
10120
10163
10184
10185
10188
10190
10195
10198
10202
10206
10240
10254
10264
10272
10275
10290
10310
10314
10333
10341
10343
10357
10359
10362
10384
10386
10405
10407
10410
10412
10437
10443
10454
10469
10474
10497
10515
10521
10529
10542
10555
10563
10571
10574
10577
10579
10599
10611
10612
10614
10624
10626
10659
10663
10681
10690
10695
10704
10706
10725
10735
10768
10774
10778
10783
10830
10834
10848
10859
10887
10890
10896
10899
10902
10909
10915
10925
10934
10935
10969
10985
11028
11029
11039
11046
11047
11068
11069
11078
11080
11096
11102
11116
11130
11156
11158
11187
11194
11195
11196
11202
11206
11221
11223
11252
11259
11261
11279
11291
11296
11297
11334
11341
11342
11349
11373
11381
11391
11393
11395
11404
11415
11421
11424
11426
11433
11436
11443
11449
11452
11463
11465
11473
11483
11492
11493
11518
11520
11526
11528
11539
11551
11564
11567
11592
11601
11611
11625
11636
11638
11640
11676
11679
11689
11697
11700
11702
11709
11721
11723
11724
11730
11749
11753
11778
11794
11800
11801
11805
11815
11817
11827
11838
11853
11854
11871
11888
11889
11898
11907
11920
11939
11940
11961
11991
12004
12012
12018
12027
12031
12048
12084
12091
12095
12125
12129
12142
12143
12155
12205
12211
12218
12234
12241
12252
12267
12288
12291
12294
12308
12329
12343
12344
12353
12355
12359
12364
12388
12394
12438
12445
12459
12460
12463
12479
12487
12496
12504
12506
12550
12553
12554
12555
12566
12577
12589
12592
12594
12620
12645
12663
12665
12676
12706
12742
12752
12758
12766
12767
12774
12775
12787
12804
12813
12822
12836
12846
12850
12865
12868
12869
12890
12927
12934
12943
12946
12953
12954
12976
12989
12996
12999
13000
13031
13039
13042
13053
13055
13060
13063
13105
13114
13132
13147
13157
13163
13170
13177
13213
13231
13232
13235
13267
13272
13320
13325
13327
13331
13333
13338
13339
13354
13361
13368
13370
13376
13379
13405
13406
13420
13431
13477
13497
13526
13533
13537
13544
13560
13596
13601
13610
13624
13640
13652
13661
13666
13674
13699
13716
13717
13745
13752
13754
13755
13770
13771
13776
13789
13804
13807
13814
13823
13826
13834
13850
13855
13860
13874
13879
13895
13900
13908
13944
13947
13982
13986
13995
13996
