25
200
222
296
311
353
406
412
437
440
462
495
527
648
655
701
736
751
766
864
876
894
903
923
997
998
1003
1060
1069
1101
1102
1203
1223
1352
1377
1390
1457
1610
1620
1748
1790
1895
2006
2060
2087
2105
2162
2237
2293
2304
2376
2415
2462
2492
2515
2536
2627
2649
2728
2747
2758
2801
2802
2817
2830
2842
2972
3016
3032
3120
3229
3256
3290
3323
3348
3364
3367
3409
3422
3488
3521
3524
3563
3602
3611
3624
3662
3677
3727
3729
3768
3803
3975
4041
4055
4086
4097
4157
4188
4320
4348
4392
4406
4455
4505
4552
4558
4571
4604
4698
4724
4743
4776
4804
4833
4854
4960
4999
5087
5088
5124
5133
5270
5320
5369
5381
5405
5430
5452
5459
5470
5558
5569
5593
5653
5669
5673
5695
5750
5791
5888
5932
5938
5940
5942
5952
5955
5960
5962
5965
5980
5987
5990
5993
6003
6015
6016
6042
6062
6064
6065
6067
6068
6070
6071
6072
6074
6075
6077
6078
6080
6081
6082
6084
6085
6088
6090
6091
6093
6096
6097
6099
6103
6104
6106
6107
6111
6112
6113
6114
6116
6117
6118
6123
6124
6127
6128
6129
6130
6131
6132
6133
6137
6139
6140
6146
6150
6151
6153
6154
6155
6157
6160
6161
6163
6165
6166
6167
6172
6173
6174
6178
6179
6181
6191
6264
6286
6287
6311
6333
6384
6385
6386
6389
6390
6391
6412
6465
6466
6489
6499
6711
6713
6722
6724
6727
6740
6752
6766
6770
6772
6773
6777
6779
6781
6782
6794
6795
6797
6818
6833
6835
6947
6949
6953
6968
6993
7022
7168
7287
7309
7317
7321
7329
7330
7337
7342
7368
7370
7371
7381
7566
7729
7730
7732
7733
7735
7737
7739
7740
7742
7745
7749
7753
7755
7758
7761
7762
7767
7772
7773
7774
7776
7777
7778
7780
7781
7782
7785
7787
7788
7789
7792
7793
7797
7798
7800
7803
7805
7810
7814
7815
7816
7817
7821
7823
7824
7830
7835
7838
7840
7841
7843
7844
7845
7846
7851
7852
7853
7854
7855
7858
7860
7861
7862
7866
7868
7871
7872
7873
7878
7882
7884
7887
7889
7891
7893
7895
7897
7898
7901
7902
7903
7904
7905
7906
7907
7909
7910
7913
7914
7915
7917
7919
7923
7925
7926
7929
7932
7933
7935
7963
7967
7978
7979
7981
7983
7987
7999
8007
8010
8012
8013
8015
8016
8021
8023
8026
8027
8029
8032
8037
8038
8049
8050
8055
8056
8057
8061
8067
8077
8081
8085
8097
8098
8105
8111
8112
8114
8115
8116
8246
8254
8266
8330
8458
8460
8464
8474
8476
8481
8486
8495
8496
8499
8501
8502
8505
8514
8515
8516
8517
8528
8529
8530
8535
8671
8679
8691
8712
8763
8764
8858
8907
9006
9052
9060
9068
9070
9072
9075
9076
9078
9080
9085
9086
9088
9095
9105
9110
9111
9114
9115
9116
9128
9129
9134
9135
9137
9162
9201
9221
9223
9236
9379
9389
9405
9414
9439
9459
9498
9528
9542
9596
9597
9801
9980
9983
9991
9993
