0
5
12
28
33
39
51
57
69
83
94
98
102
123
127
128
148
150
156
159
160
168
170
177
204
205
207
210
227
230
239
259
261
269
315
316
332
337
344
346
349
356
367
368
371
380
382
386
405
406
422
442
469
473
474
481
482
494
495
501
514
517
526
533
548
566
567
590
599
600
602
627
629
632
641
645
656
658
659
664
671
674
676
681
695
696
711
713
726
733
742
745
747
766
773
784
802
816
822
830
848
859
864
873
874
881
883
906
907
919
924
925
930
934
952
955
964
993
994
995
1008
1012
1058
1071
1086
1097
1100
1111
1123
1129
1147
1150
1154
1180
1182
1199
1206
1212
1216
1217
1219
1220
1232
1235
1240
1243
1250
1252
1263
1267
1278
1298
1309
1323
1328
1333
1339
1345
1346
1357
1364
1368
1381
1382
1383
1391
1404
1408
1441
1459
1469
1470
1482
1493
1503
1509
1510
1522
1531
1542
1555
1565
1576
1593
1594
1596
1606
1618
1634
1636
1654
1656
1663
1682
1702
1705
1713
1731
1734
1743
1757
1780
1800
1803
1806
1813
1828
1834
1836
1849
1874
1882
1890
1898
1904
1933
1936
1938
1942
1961
1972
1982
1989
1998
2003
2015
2023
2057
2062
2067
2095
2120
2129
2136
2152
2166
2167
2170
2174
2176
2185
2189
2190
2192
2203
2204
2211
2234
2238
2241
2249
2260
2261
2272
2279
2313
2318
2329
2333
2339
2383
2391
2392
2407
2416
2422
2434
2444
2454
2461
2477
2478
2501
2503
2505
2514
2529
2531
2541
2547
2555
2575
2582
2599
2611
2618
2622
2626
2641
2659
2665
2701
2709
2721
2731
2735
2751
2752
2762
2766
2768
2790
2800
2801
2802
2807
2815
2823
2829
2831
2835
2850
2861
2862
2867
2870
2928
2938
2946
2951
2955
2957
2964
2972
2991
2997
2998
3025
3055
3062
3073
3100
3107
3108
3109
3143
3156
3158
3170
3172
3188
3223
3242
3259
3261
3267
3270
3289
3308
3324
3331
3358
3361
3385
3388
3396
3404
3423
3434
3450
3456
3459
3494
3505
3515
3528
3595
3605
3609
3610
3611
3614
3635
3645
3647
3657
3661
3663
3664
3687
3689
3714
3716
3718
3733
3742
3750
3751
3756
3769
3786
3793
3795
3801
3805
3807
3808
3828
3853
3861
3873
3874
3890
3895
3903
3913
3915
3927
3934
3938
3944
3949
3984
4008
4009
4010
4012
4018
4024
4026
4029
4044
4045
4047
4049
4054
4063
4064
4065
4066
4068
4080
4084
4088
4106
4109
4113
4120
4127
4139
4142
4146
4170
4190
4199
4201
4206
4219
4222
4234
4246
4265
4272
4274
4276
4277
4296
4301
4329
4353
4360
4364
4373
4378
4379
4395
4415
4428
4440
4442
4468
4478
4483
4487
4501
4512
4522
4532
4538
4547
4566
4574
4581
4599
4609
4624
4627
4651
4664
4669
4670
4679
4681
4691
4693
4711
4718
4730
4751
4754
4767
4783
4788
4794
4814
4821
4832
4839
4852
4876
4886
4909
4936
4943
4945
4973
5001
5032
5045
5062
5087
5104
5114
5130
5132
5138
5146
5172
5176
5201
5203
5213
5232
5251
5253
5318
5323
5339
5340
5356
5362
5370
5420
5439
5440
5441
5463
5468
5480
5482
5487
5492
5507
5514
5529
5539
5551
5564
5572
5583
5595
5599
5603
5605
5607
5617
5618
5622
5624
5625
5643
5688
5693
5701
5703
5713
5731
5734
5735
5741
5745
5746
5748
5751
5753
5756
5760
5769
5775
5776
5800
5818
5846
5848
5862
5889
5894
5899
5909
5920
5921
5924
5938
5942
5949
5951
5955
5956
5957
5959
5966
5992
5994
6000
6014
6020
6021
6039
6055
6070
6071
6073
6082
6108
6119
6121
6128
6143
6160
6191
6206
6209
6217
6225
6231
6233
6241
6262
6271
6281
6284
6290
6335
6340
6369
6378
6379
6380
6385
6390
6399
6408
6414
6415
6421
6424
6425
6444
6455
6459
6507
6508
6519
6520
6521
6522
6535
6543
6560
6571
6579
6584
6586
6598
6620
6629
6631
6643
6676
6678
6680
6686
6696
6726
6738
6740
6750
6768
6773
6784
6791
6804
6809
6816
6818
6835
6844
6861
6866
6871
6884
6890
6897
6898
6911
6934
6938
6943
6947
6956
6968
6977
7000
7011
7025
7047
7085
7086
7088
7095
7102
7110
7111
7114
7115
7120
7139
7151
7154
7182
7210
7227
7235
7242
7266
7269
7301
7304
7335
7374
7388
7390
7404
7427
7447
7456
7459
7463
7465
7474
7485
7493
7495
7521
7525
7556
7559
7563
7565
7587
7601
7609
7611
7624
7631
7633
7648
7652
7660
7666
7667
7669
7670
7690
7717
7731
7734
7736
7749
7757
7771
7775
7800
7802
7804
7809
7819
7858
7859
7870
7873
7899
7902
7913
7949
7982
7983
7989
7994
8009
8015
8030
8038
8046
8048
8058
8064
8072
8074
8089
8090
8093
8095
8125
8127
8139
8141
8147
8155
8167
8188
8203
8220
8222
8224
8234
8237
8246
8261
8264
8267
8269
8294
8304
8308
8317
8329
8331
8342
8353
8367
8369
8380
8386
8391
8402
8425
8430
8431
8446
8448
8463
8470
8474
8484
8485
8494
8497
8517
8519
8543
8546
8556
8567
8586
8591
8600
8627
8661
8672
8675
8681
8693
8709
8713
8715
8727
8740
8758
8768
8778
8785
8796
8798
8814
8818
8841
8847
8859
8861
8864
8891
8893
8919
8938
8941
8943
8945
8955
8962
8965
8966
8967
8979
9004
9015
9025
9036
9038
9042
9050
9056
9070
9094
9116
9129
9144
9152
9154
9161
9181
9184
9196
9197
9215
9220
9228
9233
9249
9260
9282
9286
9293
9297
9319
9326
9338
9347
9351
9352
9355
9357
9366
9392
9406
9409
9411
9416
9430
9433
9442
9444
9451
9461
9483
9501
9521
9528
9530
9536
9542
9554
9557
9571
9574
9575
9580
9594
9603
9605
9619
9655
9658
9664
9671
9673
9678
9694
9708
9730
9738
9739
9743
9745
9756
9759
9789
9806
9809
9810
9816
9827
9833
9839
9851
9860
9865
9868
9874
9878
9889
9891
9914
9921
9937
9938
9943
9968
9975
9976
9994
9998
10000
10007
10018
10052
10073
10075
10080
10081
10091
10094
10114
10118
10120
10146
10153
10157
10162
10163
10167
10173
10185
10187
10198
10202
10206
10208
10214
10240
10247
10264
10272
10275
10310
10357
10362
10365
10380
10381
10384
10405
10412
10437
10465
10474
10497
10524
10529
10563
10571
10573
10577
10579
10585
10612
10614
10618
10624
10626
10636
10637
10658
10681
10695
10698
10714
10721
10725
10758
10774
10783
10790
10834
10847
10848
10859
10887
10890
10896
10899
10902
10909
10915
10925
10933
10934
10969
10985
11002
11011
11020
11023
11028
11029
11044
11046
11047
11066
11068
11069
11080
11081
11090
11096
11102
11116
11136
11156
11158
11163
11187
11195
11196
11202
11206
11209
11220
11221
11223
11230
11238
11252
11253
11259
11261
11279
11292
11296
11334
11341
11342
11349
11373
11379
11381
11395
11404
11415
11419
11421
11426
11433
11436
11443
11449
11452
11463
11483
11490
11507
11518
11520
11530
11537
11539
11564
11576
11586
11589
11592
11601
11611
11625
11636
11647
11666
11676
11679
11687
11689
11697
11702
11706
11723
11732
11749
11787
11794
11805
11827
11838
11845
11853
11871
11888
11940
11970
12004
12018
12048
12091
12129
12142
12143
12155
12157
12170
12183
12201
12205
12211
12218
12234
12261
12286
12291
12316
12329
12338
12343
12346
12353
12364
12376
12414
12438
12445
12459
12460
12463
12475
12479
12487
12496
12506
12511
12517
12550
12553
12554
12566
12577
12580
12589
12592
12620
12624
12644
12663
12672
12706
12720
12737
12742
12746
12752
12757
12758
12766
12774
12775
12776
12787
12788
12790
12804
12816
12822
12832
12836
12841
12850
12867
12868
12869
12890
12904
12927
12932
12934
12942
12943
12946
12954
12957
12964
12969
12989
12996
12999
13000
13002
13022
13024
13039
13042
13055
13063
13065
13072
13076
13147
13157
13163
13170
13241
13267
13272
13288
13298
13320
13325
13331
13339
13340
13342
13354
13361
13368
13370
13376
13398
13405
13406
13416
13420
13424
13431
13434
13477
13497
13522
13558
13560
13585
13596
13601
13610
13624
13652
13661
13666
13667
13674
13699
13716
13745
13752
13754
13755
13770
13776
13789
13804
13805
13820
13823
13860
13874
13888
13890
13895
13900
13903
13905
13908
13947
13964
13982
13986
13995
13996
