5
10
17
18
27
42
47
59
74
78
84
86
106
112
123
128
151
156
160
174
175
179
180
213
240
244
247
252
267
270
284
287
292
303
304
306
315
330
338
352
353
356
362
365
393
413
420
431
456
457
474
480
488
495
498
512
523
556
561
562
565
566
579
589
590
599
605
631
646
649
651
671
672
674
686
698
719
733
736
750
755
756
758
770
773
776
777
785
788
809
827
828
830
835
890
902
903
905
910
922
940
952
955
968
971
1003
1006
1023
1026
1029
1036
1038
1047
1062
1091
1103
1106
1111
1115
1147
1148
1159
1194
1197
1203
1214
1220
1233
1237
1240
1264
1292
1297
1306
1309
1327
1332
1351
1360
1401
1414
1418
1429
1438
1480
1495
1498
1528
1546
1547
1548
1597
1639
1650
1706
1707
1711
1731
1733
1738
1741
1749
1757
1765
1780
1798
1830
1838
1839
1861
1864
1873
1882
1883
1890
1896
1899
1903
1904
1916
1917
1918
1924
1942
1949
1959
1965
1987
1999
2017
2023
2044
2059
2067
2077
2092
2096
2116
2124
2126
2139
2143
2155
2160
2171
2176
2183
2191
2192
2201
2204
2213
2233
2234
2254
2260
2278
2280
2290
2297
2312
2323
2327
2338
2342
2345
2353
2360
2361
2376
2384
2385
2391
2407
2410
2413
2431
2432
2444
2467
2481
2482
2509
2510
2511
2515
2523
2545
2547
2551
2565
2586
2590
2598
2604
2607
2617
2625
2651
2666
2704
2718
2726
2727
2738
2753
2765
2773
2782
2784
2789
2790
2792
2806
2810
2816
2834
2836
2842
2848
2860
2869
2871
2882
2891
2916
2923
2929
2934
2935
2944
2965
2975
2986
2993
3008
3010
3011
3025
3055
3057
3059
3061
3069
3073
3080
3090
3096
3104
3120
3122
3124
3135
3140
3148
3167
3187
3190
3193
3204
3207
3212
3229
3234
3236
3258
3261
3262
3286
3288
3295
3308
3312
3318
3321
3337
3352
3359
3384
3390
3391
3394
3395
3401
3403
3404
3438
3446
3458
3477
3481
3503
3519
3529
3530
3557
3564
3591
3600
3615
3624
3630
3648
3675
3696
3711
3715
3740
3741
3767
3773
3782
3784
3795
3827
3846
3852
3861
3869
3931
3945
3968
3977
3985
3987
4008
4023
4027
4036
4050
4075
4102
4113
4115
4118
4120
4125
4141
4146
4151
4155
4160
4167
4169
4203
4205
4282
4300
4301
4309
4362
4374
4376
4395
4405
4407
4409
4410
4414
4439
4445
4453
4497
4503
4506
4542
4548
4562
4565
4574
4591
4605
4618
4620
4626
4627
4628
4638
4653
4654
4656
4663
4676
4687
4693
4694
4704
4721
4764
4767
4768
4769
4770
4775
4780
4783
4801
4815
4832
4834
4840
4860
4876
4892
4906
4915
4918
4925
4926
4931
4942
4962
4967
4980
4986
4992
4997
5008
5019
5023
5031
5036
5041
5042
5052
5056
5066
5072
5075
5076
5086
5099
5102
5114
5122
5124
5128
5147
5160
5179
5182
5187
5193
5199
5205
5213
5217
5231
5235
5238
5251
5269
5276
5285
5293
5302
5313
5314
5325
5343
5344
5368
5380
5389
5396
5401
5408
5418
5421
5438
5441
5445
5447
5450
5453
5460
5463
5466
5473
5496
5516
5520
5526
5529
5538
5539
5540
5542
5549
5556
5560
5575
5576
5583
5596
5618
5658
5660
5668
5679
5700
5709
5710
5734
5735
5748
5764
5786
5794
5801
5807
5817
5835
5852
5857
5859
5862
5867
5870
5877
5896
5911
5928
5936
5937
5939
5944
5946
5948
5978
5982
5983
5991
5999
6003
6013
6015
6019
6020
6039
6055
6079
6093
6121
6127
6145
6152
6155
6178
6209
6222
6249
6275
6278
6284
6291
6294
6308
6311
6315
6353
6363
6364
6365
6371
6375
6384
6402
6416
6417
6431
6443
6475
6483
6484
6508
6517
6518
6519
6536
6554
6555
6563
6571
6586
6593
6595
6605
6617
6625
6640
6648
6649
6657
6662
6664
6670
6672
6687
6695
6698
6711
6746
6747
6771
6773
6819
6823
6829
6856
6860
6861
6863
6883
6892
6894
6907
6913
6920
6934
6944
6945
6955
6960
6964
6985
6989
7007
7023
7029
7056
7059
7074
7076
7077
7081
7082
7086
7088
7090
7094
7128
7141
7160
7164
7168
7188
7195
7205
7210
7229
7248
7260
7265
7285
7291
7292
7329
7342
7344
7350
7354
7369
7375
7388
7398
7413
7430
7433
7438
7443
7456
7460
7479
7482
7491
7495
7517
7519
7521
7525
7538
7540
7549
7550
7552
7556
7570
7582
7600
7608
7609
7621
7633
7640
7666
7668
7670
7687
7703
7741
7746
7788
7796
7807
7836
7847
7849
7851
7876
7881
7909
7929
7941
7949
7979
7994
8010
8015
8023
8039
8040
8043
8045
8058
8059
8085
8087
8090
8102
8112
8118
8122
8133
8135
8136
8140
8141
8143
8154
8155
8173
8182
8220
8224
8239
8240
8241
8247
8259
8276
8278
8283
8293
8298
8300
8301
8315
8321
8328
8373
8377
8378
8396
8405
8412
8429
8439
8441
8467
8476
8478
8479
8490
8491
8512
8516
8528
8541
8542
8571
8595
8620
8634
8635
8642
8644
8648
8651
8686
8698
8702
8708
8710
8729
8735
8753
8766
8767
8770
8771
8791
8794
8803
8807
8828
8831
8840
8841
8844
8867
8869
8874
8895
8897
8913
8917
8925
8929
8947
8963
8988
8991
8994
8998
9005
9007
9045
9047
9066
9074
9085
9093
9101
9113
9123
9127
9129
9132
9158
9163
9181
9185
9196
9204
9206
9208
9211
9215
9228
9232
9263
9275
9279
9282
9287
9299
9319
9323
9326
9350
9353
9355
9357
9361
9368
9381
9397
9411
9429
9431
9435
9438
9458
9486
9489
9503
9512
9513
9541
9544
9565
9566
9584
9585
9588
9593
9595
9605
9609
9613
9614
9624
9625
9670
9680
9698
9707
9721
9722
9724
9745
9759
9785
9796
9801
9809
9811
9819
9834
9836
9837
9838
9863
9896
9906
9918
9925
9947
9981
9998
10023
10025
10037
10038
10041
10043
10085
10093
10095
10098
10110
10131
10138
10148
10178
10183
10184
10185
10189
10195
10210
10219
10238
10240
10246
10258
10272
10291
10303
10305
10319
10333
10342
10362
10373
10404
10407
10418
10422
10442
10448
10459
10479
10481
10510
10514
10519
10521
10551
10553
10554
10568
10571
10611
10612
10620
10625
10632
10635
10638
10656
10663
10670
10693
10702
10704
10709
10724
10728
10730
10741
10748
10755
10766
10821
10824
10840
10854
10876
10887
10890
10932
10941
10953
10956
10968
10975
10978
10980
10989
11006
11018
11046
11058
11065
11069
11072
11077
11078
11098
11102
11115
11124
11129
11142
11147
11179
11187
11191
11202
11241
11247
11259
11261
11262
11266
11274
11287
11297
11299
11303
11324
11328
11329
11334
11335
11342
11350
11369
11391
11392
11395
11397
11400
11401
11402
11409
11411
11418
11421
11441
11452
11469
11473
11482
11492
11493
11532
11533
11561
11564
11572
11578
11588
11592
11602
11608
11615
11643
11651
11654
11669
11670
11675
11676
11700
11707
11714
11726
11736
11753
11758
11789
11809
11817
11830
11842
11850
11852
11853
11858
11883
11885
11901
11902
11909
11922
11939
11961
11972
11973
11985
11991
12004
12010
12013
12027
12044
12046
12052
12053
12055
12066
12068
12084
12085
12098
12114
12125
12127
12143
12147
12152
12155
12164
12168
12169
12171
12172
12177
12178
12184
12213
12215
12221
12224
12228
12241
12253
12272
12275
12276
12281
12282
12283
12286
12288
12290
12296
12311
12321
12343
12356
12370
12385
12388
12394
12418
12422
12439
12483
12518
12524
12525
12542
12548
12549
12557
12560
12563
12592
12619
12621
12628
12649
12655
12666
12667
12673
12675
12706
12724
12726
12732
12738
12745
12783
12796
12804
12812
12814
12838
12839
12852
12857
12858
12866
12927
12931
12950
12958
12971
12993
13011
13013
13015
13031
13034
13040
13045
13053
13066
13089
13096
13104
13107
13121
13122
13134
13137
13139
13143
13147
13152
13157
13175
13183
13201
13210
13213
13214
13216
13222
13228
13231
13236
13242
13243
13248
13251
13252
13256
13264
13270
13278
13328
13331
13339
13354
13360
13365
13370
13377
13380
13383
13387
13394
13405
13406
13420
13427
13428
13438
13449
13478
13503
13517
13523
13524
13542
13543
13551
13564
13579
13581
13584
13587
13595
13600
13605
13607
13634
13644
13652
13653
13673
13674
13694
13702
13714
13721
13729
13734
13738
13740
13741
13744
13745
13747
13751
13754
13768
13771
13775
13780
13790
13791
13798
13799
13810
13813
13822
13832
13875
13886
13897
13903
13908
13910
13942
13962
13965
13967
13971
13973
13981
13982
13992
13999
